926228595275202595
923928739068248119
924200022081273893
925407444740341760
926184468799029251
926229587392725011
926061748658634758
925422971070185511
926041682593447938
926131851112742918
926135858331910177
925749289796239413
925352275895910424
925696959925190664
926054210983690265
925352675345694742
925671357608361991
925435688492466196
925500499520651285
923914299373518864
924153176863539217
924559008358989840
924604960176340995
923794856334065702
925274137568477186
926383214093664359
923901423066808408
921014212902256642
926502150300762149
923905580598296576
925707203411705875
926160537223430163
926043048363688055
925707731702120451
925641043729186873
925672147894927392
925272256368607250
925273029472157719
925273175483219971
925290793442213905
925355381146779655
924999251081035847
923804021787983881
924929861607227511
925275164042592258
925333554152341544
925351451273723960
923882224556703799
923885832349155335
923877611777556482
925274498355167237
924961867653185541
923909480425455639
925770524095676464
926456962959278080
926409099881480192
924148654260879382
923870061215612952
923868137070264374
924682402773598292
925017285628788738
923773785210880004
923906761724788759
924928701934600199
925299632483860503
924147099472232486
924156703031689249
925286867838959640
925302389869641736
925333240604000264
925344347394670598
924993281067057174
924998039890821190
923867965267378179
924673035445731334
923865491364118529
924146021438586885
925274803297845267
924711874787803142
926533847211835411
925799528039186432
925672130722398242
926161890108768259
925752017089986599
926021857014972417
925702891264540676
925788915148783622
917595921456300033
926039393357004873
925702289958633497
926135566252113940
926104900185620503
926141781077131273
925396088855199751
925428082106433537
925676043454382083
924781706674700336
924983153543610377
925089127588691987
925259715045228565
925264173249593346
925269421683900422
925272123228815366
926043052678578209
924281686582099973
926149232859021331
926145423233515571
926166799303573592
926110041292931079
926394372438622211
926564727986847766
924136297657794566
926086586476527620
925733815018586128
923926084778459205
925772727414947842
925339579985166352
926375483143094273
923959387948580865
924932627548340264
926081076004126753
925763407383101442
926104900197154818
923957489565696024
926139925691105333
926143778236923906
926141678041956371
926089489845059652
926075479659642903
915452230262325250
920944316602384424
921323201435271185
924668800611123201
926205067426529280
918000090767949832
923162813252239381
926101567308824593
921626731069046791
923153892590485554
923489849227345924
920508506258276357
923506092793659425
923427761183260692
916093322857021444
921922216221736969
924522638527692802
916104773210472450
916105168348512293
916105546333945891
916114466960048135
916114681700024342
916790112565592066
917245456424108033
917479420465250340
917480519967440896
917485218649079812
917491558053314585
917543308104826883
917564529518313537
923625922418966565
925819954902597633
925724945903779876
924298398297751585
923043511949852727
923044529842421840
924264970569383937
925786174969085955
926046248139489297
926470200060018692
924608598003154982
927697959402864642
923480413198876705
926409589487828994
927170515955613720
924645530459439159
924647463170605062
926143584956055589
918578687270453251
918978265253675032
918210861974159400
920545455874506759
924552677558321161
920836448494551074
924511914016374835
924666958029258817
924162149056512022
926096722592006148
924187523726442500
923538820446552081
926052810869440518
923440882309398566
926361485847822343
925659589408456710
925695813152145417
925707229187801112
926022088948449316
926036094830510112
926435526767017987
925660555761418247
924666309501780023
926043052656558135
925737689100058630
923866792729772055
926028870696566816
921644250240647216
925745724967092246
927289413561483302
926071652867899427
926962596613980192
925379282639781904
923151783779368963
925791930242039846
921317527802347523
924694926892990489
926211067493744660
926028033187381272
918590678825435152
925838642287476756
917649514047733765
921185899938578468
921245608559247360
923421954399010871
925712185584255017
926108095668551704
926110144362709049
926120465146052648
926125026449555464
925799455007965205
926102215833157688
923120370370740233
922017049106972674
922017384112324609
923024343504519206
923059673892913203
923146771556728873
923148206055882756
923155743740264480
924941694191796258
925274893481672711
922025879562878997
923022638402502660
922016082751914005
926080560637411328
926103555873439776
926112549529714724
926112790067806215
926115508772667409
926120529603067936
920835473529634820
920835812843585544
920844690560909312
921630699627216897
926074667934941206
925724494945845269
920895903746752512
920259007323570180
921574568713256966
924949012844380177
922022963280084993
925655895741825064
920848495882010647
925059303281262592
925641112450760724
926013327199436819
926407566548795399
926137082387103784
926203216333373464
926050354099912721
925843817760817153
925646275008790563
925647292926525481
925651802620166147
925712013775077427
926078773899558916
926154288013508628
926399504899375136
925366410625941524
925712271477309459
925713701681496065
924619636101611538
926437128808693760
926102761299247125
926128114491195416
926129901197590528
926129939872219169
926131932741238857
926133908444020758
925291295954436105
926399191356276821
925398395266269191
926070686503403543
926501214045077507
925390956383961093
925391141076992053
925391304275263491
925733132135563284
926083743190351890
926121397172830208
926559303482998787
926400037471125510
926452934292537369
925390329309298688
926754299252310019
926445576991539220
926147205640749059
926029411851960338
926510375187251208
926135974302318594
926087690253762567
925753928365113348
926044057710362656
925706129664638992
926445061622726664
926409396208009222
926029738278912065
926104255949963271
926032057571737621
926452277162541059
926087454035804192
926115302617382918
926119636245676033
926046638963687504
925659628052676612
925714848445104227
925736095660900390
925736194432565248
925749418651549713
926016320780107797
926096490638606390
926097843576373273
926109620356775938
926766939331625008
925659885751762948
925661058274689048
926746667108007975
926400368173121556
926116118647537669
925392274924240897
926125958437535752
925764738803040391
926482943253151745
926166747726217241
926174736382165045
925750397879975952
925733329691475971
925629636305485825
925734042653949960
925394478257143862
926565973536800775
926111037701226499
922051009435402341
923123986737397763
924619494354059268
924620026923712537
924620185838551063
924620310378971143
924621216631750693
924623763541065750
924644018613125136
924657028076404738
922726775290593283
920902651140374529
923128470690594851
923130747033747464
918361928848375845
920815686614253576
923118570797268993
926352290300821559
924238891525865494
917542625203978241
926074096704290864
925395096757600280
920992171143725064
918391997937483785
918660137036546057
927884287977455623
916195010495381504
924540763304361987
927877192716648456
923128900197810192
927225976851529736
923167962918027282
927125384442413073
923464345749291016
920902307525165080
920916691379027977
920919796634091537
920921132378357763
920921506032123956
921216084953006100
921220594679152711
920921587641745410
921617247789645828
921961115769896960
919440828938584066
923078399948226561
927945366695837697
921957619647643688
918691035013447696
924639010677063697
913920417297596421
924225839137030195
923039281402871814
924530154728849417
923489969484333057
924609736169488419
921987873383645250
926423058485346377
927195108926816278
918219335953023010
927960326088949816
928720479433261079
926828632252350514
